11,0,0,0,0,395.271,200.022,-1.93637e-05,14.7955
11,0,0,0,0,397.047,-200.011,-1.94337e-05,14.8489
11,0,0,0,0,398.841,-200.037,-1.95036e-05,14.9023
11,0,0,0,0,399.062,200.008,-1.95123e-05,14.909
11,0,0,0,0,400.05,-198.508,-1.95211e-05,14.9157
11,0,0,0,0,400.037,194.271,-1.9438e-05,14.8522
11,0,0,0,0,400.021,194.537,-1.94424e-05,14.8556
11,0,0,0,0,400.022,195.199,-1.94555e-05,14.8656
11,0,0,0,0,400.001,-193.85,-1.94293e-05,14.8456
11,0,0,0,0,400.035,-194.273,-1.9438e-05,14.8522
11,0,0,0,0,400.031,-193.823,-1.94293e-05,14.8456
11,0,0,0,0,400.081,188.566,-1.93331e-05,14.7721
11,0,0,0,0,400.015,186.345,-1.92894e-05,14.7387
11,0,0,0,0,400.076,184.839,-1.92632e-05,14.7186
11,0,0,0,0,381.536,200.011,-1.88305e-05,14.388
11,0,0,0,0,383.031,200.021,-1.88873e-05,14.4314
11,0,0,0,0,384.7,-200.028,-1.89528e-05,14.4815
11,0,0,0,0,385.511,-200.005,-1.89834e-05,14.5049
11,0,0,0,0,386.972,200.005,-1.90403e-05,14.5483
11,0,0,0,0,387.419,-200.034,-1.90577e-05,14.5617
11,0,0,0,0,390.577,200.012,-1.91801e-05,14.6552
11,0,0,0,0,400.09,-180.972,-1.91933e-05,14.6652
11,0,0,0,0,400.041,180.8,-1.91889e-05,14.6619
11,0,0,0,0,400.082,180.666,-1.91889e-05,14.6619
11,0,0,0,0,400.043,180.597,-1.91845e-05,14.6585
11,0,0,0,0,400.08,179.716,-1.91714e-05,14.6485
11,0,0,0,0,400.027,179.581,-1.9167e-05,14.6452
11,0,0,0,0,400.067,178.269,-1.91452e-05,14.6285
11,0,0,0,0,400.057,177.806,-1.91364e-05,14.6218
11,0,0,0,0,400.068,174.337,-1.90752e-05,14.575
11,0,0,0,0,400.081,171.573,-1.90272e-05,14.5383
11,0,0,0,0,400.019,-169.852,-1.89966e-05,14.5149
11,0,0,0,0,400.019,169.641,-1.89922e-05,14.5116
11,0,0,0,0,400.045,-166.421,-1.89397e-05,14.4715
11,0,0,0,0,400.036,-163.625,-1.88916e-05,14.4348
11,0,0,0,0,400.046,-163.79,-1.8896e-05,14.4381
11,0,0,0,0,400.015,162.069,-1.88654e-05,14.4147
11,0,0,0,0,400.055,161.937,-1.88654e-05,14.4147
11,0,0,0,0,400.034,-160.102,-1.88348e-05,14.3913
11,0,0,0,0,400.046,-158.799,-1.8813e-05,14.3746
11,0,0,0,0,400.087,-158.642,-1.8813e-05,14.3746
11,0,0,0,0,369.311,200.01,-1.83584e-05,14.0273
11,0,0,0,0,376.587,-200.006,-1.86381e-05,14.2411
11,0,0,0,0,400.013,157.246,-1.87867e-05,14.3546
11,0,0,0,0,400.001,156.922,-1.87824e-05,14.3513
11,0,0,0,0,400.043,-156.283,-1.87736e-05,14.3446
11,0,0,0,0,400.039,152.694,-1.87168e-05,14.3012
11,0,0,0,0,400.076,-149.819,-1.86731e-05,14.2678
11,0,0,0,0,400.026,148.771,-1.86556e-05,14.2544
11,0,0,0,0,400.008,-147.721,-1.86381e-05,14.2411
11,0,0,0,0,400.049,-147.267,-1.86338e-05,14.2377
11,0,0,0,0,400.015,-147.394,-1.86338e-05,14.2377
11,0,0,0,0,400.078,-147.198,-1.86338e-05,14.2377
11,0,0,0,0,400.061,-143.997,-1.85857e-05,14.201
11,0,0,0,0,400.031,142.964,-1.85682e-05,14.1876
11,0,0,0,0,400.03,-139.67,-1.85201e-05,14.1509
11,0,0,0,0,400.063,139.546,-1.85201e-05,14.1509
11,0,0,0,0,400.034,-138.445,-1.85026e-05,14.1375
11,0,0,0,0,400.045,-137.482,-1.84895e-05,14.1275
11,0,0,0,0,400.058,137.353,-1.84895e-05,14.1275
11,0,0,0,0,400.061,-136.44,-1.84764e-05,14.1175
11,0,0,0,0,400.054,-136.224,-1.8472e-05,14.1141
11,0,0,0,0,400.084,135.539,-1.84633e-05,14.1075
11,0,0,0,0,400.03,-135.344,-1.84589e-05,14.1041
11,0,0,0,0,400.027,-134.136,-1.84414e-05,14.0908
11,0,0,0,0,358.702,200.036,-1.79519e-05,13.7167
11,0,0,0,0,365.563,-200.029,-1.82141e-05,13.9171
11,0,0,0,0,367.609,-200.003,-1.82928e-05,13.9772
11,0,0,0,0,368.403,200.022,-1.83234e-05,14.0006
11,0,0,0,0,355.045,200.016,-1.7812e-05,13.6098
11,0,0,0,0,335.821,-200.051,-1.70864e-05,13.0554
11,0,0,0,0,336.993,200.047,-1.71301e-05,13.0888
11,0,0,0,0,337.481,200.038,-1.71476e-05,13.1022
11,0,0,0,0,343.975,-200.01,-1.73924e-05,13.2892
11,0,0,0,0,345.12,200.014,-1.74361e-05,13.3226
11,0,0,0,0,345.708,-200.013,-1.7458e-05,13.3393
11,0,0,0,0,323.446,200.031,-1.66231e-05,12.7014
11,0,0,0,0,325.813,-200.011,-1.67105e-05,12.7682
11,0,0,0,0,326.484,-200.051,-1.67367e-05,12.7883
11,0,0,0,0,329.428,-200.049,-1.6846e-05,12.8717
11,0,0,0,0,314.48,200.025,-1.62909e-05,12.4476
11,0,0,0,0,315.522,200.041,-1.63302e-05,12.4777
11,0,0,0,0,315.522,-200.038,-1.63302e-05,12.4777
11,0,0,0,0,315.889,-200.026,-1.63433e-05,12.4877
11,0,0,0,0,317.681,-200.023,-1.64089e-05,12.5378
11,0,0,0,0,318.377,200.042,-1.64351e-05,12.5578
11,0,0,0,0,322.171,200.009,-1.6575e-05,12.6647
11,0,0,0,0,322.747,200.016,-1.65969e-05,12.6814
11,0,0,0,0,299.817,-200.008,-1.57532e-05,12.0368
11,0,0,0,0,301.824,200.053,-1.58276e-05,12.0936
11,0,0,0,0,305.773,200.038,-1.59718e-05,12.2038
11,0,0,0,0,307.121,-200.021,-1.60199e-05,12.2405
11,0,0,0,0,308.303,-200.024,-1.60636e-05,12.2739
11,0,0,0,0,289.03,200.041,-1.53642e-05,11.7396
11,0,0,0,0,289.79,-200.006,-1.53905e-05,11.7596
11,0,0,0,0,290.982,200.036,-1.54342e-05,11.793
11,0,0,0,0,291.347,200.01,-1.54473e-05,11.803
11,0,0,0,0,293.896,200.019,-1.55391e-05,11.8732
11,0,0,0,0,297.381,200.047,-1.56658e-05,11.97
11,0,0,0,0,298.202,200.054,-1.56964e-05,11.9934
11,0,0,0,0,275.43,200.028,-1.4879e-05,11.3689
11,0,0,0,0,281.104,200.027,-1.50801e-05,11.5225
11,0,0,0,0,283.902,200.048,-1.51806e-05,11.5993
11,0,0,0,0,283.902,200.047,-1.51806e-05,11.5993
11,0,0,0,0,266.111,200.033,-1.45512e-05,11.1184
11,0,0,0,0,268.236,-200.036,-1.46255e-05,11.1751
11,0,0,0,0,272.956,200.021,-1.47916e-05,11.3021
11,0,0,0,0,273.467,-200.014,-1.48091e-05,11.3154
11,0,0,0,0,250.402,-200.032,-1.40092e-05,10.7042
11,0,0,0,0,255.499,-200.04,-1.4184e-05,10.8378
11,0,0,0,0,259.09,200.005,-1.43064e-05,10.9313
11,0,0,0,0,259.188,-200.029,-1.43108e-05,10.9347
11,0,0,0,0,237.335,-200.059,-1.35677e-05,10.3669
11,0,0,0,0,239.966,200.017,-1.36552e-05,10.4337
11,0,0,0,0,241.93,200.008,-1.37207e-05,10.4838
11,0,0,0,0,242.67,200.063,-1.37469e-05,10.5039
11,0,0,0,0,243.056,-200.053,-1.37601e-05,10.5139
11,0,0,0,0,245.402,-200.045,-1.38387e-05,10.574
11,0,0,0,0,246.836,200.018,-1.38868e-05,10.6107
11,0,0,0,0,248.097,200.06,-1.39305e-05,10.6441
11,0,0,0,0,248.743,200.036,-1.39524e-05,10.6608
11,0,0,0,0,249.258,200.039,-1.39699e-05,10.6742
11,0,0,0,0,226.103,-200.054,-1.31962e-05,10.083
11,0,0,0,0,226.251,200.04,-1.32006e-05,10.0864
11,0,0,0,0,226.912,-200.048,-1.32224e-05,10.1031
11,0,0,0,0,228.218,200.064,-1.32661e-05,10.1365
11,0,0,0,0,228.919,-200.022,-1.3288e-05,10.1532
11,0,0,0,0,230.355,-200.048,-1.33361e-05,10.1899
11,0,0,0,0,230.51,-200.032,-1.33404e-05,10.1933
11,0,0,0,0,231.717,-200.003,-1.33798e-05,10.2233
11,0,0,0,0,233.034,200.001,-1.34235e-05,10.2567
11,0,0,0,0,233.771,-200.063,-1.34497e-05,10.2767
11,0,0,0,0,234.1,-200.002,-1.34585e-05,10.2834
11,0,0,0,0,234.483,-200.008,-1.34716e-05,10.2934
11,0,0,0,0,235.132,200.036,-1.34934e-05,10.3101
11,0,0,0,0,235.143,200.004,-1.34934e-05,10.3101
11,0,0,0,0,210.215,-200.061,-1.26848e-05,9.69229
11,0,0,0,0,211.077,200.032,-1.2711e-05,9.71233
11,0,0,0,0,215.425,-200.068,-1.28509e-05,9.8192
11,0,0,0,0,215.199,200.019,-1.28421e-05,9.81252
11,0,0,0,0,215.294,-200.06,-1.28465e-05,9.81586
11,0,0,0,0,216.417,200.03,-1.28815e-05,9.84258
11,0,0,0,0,217.067,-200.054,-1.29033e-05,9.85928
11,0,0,0,0,218.718,200.039,-1.29558e-05,9.89936
11,0,0,0,0,219.011,-200.007,-1.29645e-05,9.90604
11,0,0,0,0,219.405,-200.018,-1.29776e-05,9.91605
11,0,0,0,0,223.288,-200.047,-1.31044e-05,10.0129
11,0,0,0,0,200.622,-200.019,-1.23832e-05,9.46185
11,0,0,0,0,203.314,-200.009,-1.24662e-05,9.5253
11,0,0,0,0,203.547,200.059,-1.2475e-05,9.53198
11,0,0,0,0,204.81,200.048,-1.25143e-05,9.56204
11,0,0,0,0,206.638,-200.038,-1.25711e-05,9.60546
11,0,0,0,0,206.767,200.048,-1.25755e-05,9.6088
11,0,0,0,0,207.491,-200.005,-1.25974e-05,9.62549
11,0,0,0,0,208.146,-200.054,-1.26192e-05,9.64219
11,0,0,0,0,209.65,200.065,-1.26673e-05,9.67893
11,0,0,0,0,150.12,49.9204,-6.91502e-06,5.2838
11,0,0,0,0,150.101,-49.646,-6.91065e-06,5.28046
11,0,0,0,0,150.118,-49.2771,-6.90628e-06,5.27712
11,0,0,0,0,150.118,-49.2782,-6.90628e-06,5.27712
11,0,0,0,0,150.128,-48.9267,-6.90191e-06,5.27378
11,0,0,0,0,150.155,47.8656,-6.8888e-06,5.26376
11,0,0,0,0,150.167,-48.4897,-6.89754e-06,5.27044
11,0,0,0,0,150.108,48.3307,-6.89317e-06,5.2671
11,0,0,0,0,150.135,48.9116,-6.90191e-06,5.27378
11,0,0,0,0,150.117,-47.6546,-6.88442e-06,5.26042
11,0,0,0,0,150.103,49.0124,-6.90191e-06,5.27378
11,0,0,0,0,150.174,-46.4686,-6.87131e-06,5.2504
11,0,0,0,0,150.174,46.1313,-6.86694e-06,5.24706
11,0,0,0,0,150.132,45.5913,-6.8582e-06,5.24038
11,0,0,0,0,150.096,46.0441,-6.86257e-06,5.24372
11,0,0,0,0,150.118,45.6299,-6.8582e-06,5.24038
11,0,0,0,0,150.142,-46.2392,-6.86694e-06,5.24706
11,0,0,0,0,150.125,45.6121,-6.8582e-06,5.24038
11,0,0,0,0,150.172,44.7585,-6.84946e-06,5.2337
11,0,0,0,0,150.143,44.1482,-6.84071e-06,5.22702
11,0,0,0,0,150.157,-44.1046,-6.84071e-06,5.22702
11,0,0,0,0,150.181,44.7326,-6.84946e-06,5.2337
11,0,0,0,0,150.189,44.3535,-6.84508e-06,5.23036
11,0,0,0,0,150.147,43.4241,-6.83197e-06,5.22034
11,0,0,0,0,150.111,43.5411,-6.83197e-06,5.22034
11,0,0,0,0,150.188,-43.2791,-6.83197e-06,5.22034
11,0,0,0,0,150.124,43.5014,-6.83197e-06,5.22034
11,0,0,0,0,150.099,-42.4978,-6.81886e-06,5.21032
11,0,0,0,0,150.131,42.3808,-6.81886e-06,5.21032
11,0,0,0,0,150.151,40.8137,-6.80137e-06,5.19696
11,0,0,0,0,150.186,40.3051,-6.797e-06,5.19362
11,0,0,0,0,150.099,40.6351,-6.797e-06,5.19362
11,0,0,0,0,150.11,39.8126,-6.78826e-06,5.18694
11,0,0,0,0,150.111,38.2138,-6.77078e-06,5.17358
11,0,0,0,0,150.109,-38.2369,-6.77078e-06,5.17358
11,0,0,0,0,150.108,-39.0372,-6.77952e-06,5.18026
11,0,0,0,0,150.131,-38.943,-6.77952e-06,5.18026
11,0,0,0,0,150.156,37.2079,-6.76204e-06,5.16691
11,0,0,0,0,150.156,37.6334,-6.76641e-06,5.17025
11,0,0,0,0,150.135,36.8836,-6.75766e-06,5.16357
11,0,0,0,0,150.12,36.948,-6.75766e-06,5.16357
11,0,0,0,0,150.14,37.2822,-6.76204e-06,5.16691
11,0,0,0,0,150.126,36.4964,-6.75329e-06,5.16023
11,0,0,0,0,150.097,-36.2051,-6.74892e-06,5.15689
11,0,0,0,0,150.181,35.4145,-6.74455e-06,5.15355
11,0,0,0,0,150.163,-35.4989,-6.74455e-06,5.15355
11,0,0,0,0,150.187,-35.4022,-6.74455e-06,5.15355
11,0,0,0,0,150.169,34.5829,-6.73581e-06,5.14687
11,0,0,0,0,150.142,-34.255,-6.73144e-06,5.14353
11,0,0,0,0,150.129,33.8591,-6.72707e-06,5.14019
11,0,0,0,0,150.158,-33.2631,-6.7227e-06,5.13685
11,0,0,0,0,150.113,-33.9327,-6.72707e-06,5.14019
11,0,0,0,0,150.149,33.3097,-6.7227e-06,5.13685
11,0,0,0,0,150.191,-32.6578,-6.71833e-06,5.13351
11,0,0,0,0,150.182,-31.7519,-6.70958e-06,5.12683
11,0,0,0,0,150.146,-31.9157,-6.70958e-06,5.12683
11,0,0,0,0,150.124,-30.5413,-6.69647e-06,5.11681
11,0,0,0,0,150.103,-31.1554,-6.70084e-06,5.12015
11,0,0,0,0,150.14,-31.4531,-6.70521e-06,5.12349
11,0,0,0,0,150.165,30.845,-6.70084e-06,5.12015
11,0,0,0,0,150.127,31.0377,-6.70084e-06,5.12015
11,0,0,0,0,150.167,30.8369,-6.70084e-06,5.12015
11,0,0,0,0,150.163,29.8548,-6.6921e-06,5.11347
11,0,0,0,0,150.194,-30.1967,-6.69647e-06,5.11681
11,0,0,0,0,150.12,30.0491,-6.6921e-06,5.11347
11,0,0,0,0,150.147,30.4303,-6.69647e-06,5.11681
11,0,0,0,0,150.187,29.1939,-6.68773e-06,5.11013
11,0,0,0,0,150.118,-29.0349,-6.68336e-06,5.10679
11,0,0,0,0,150.117,-29.0459,-6.68336e-06,5.10679
11,0,0,0,0,150.134,28.9448,-6.68336e-06,5.10679
11,0,0,0,0,150.185,28.1417,-6.67899e-06,5.10345
11,0,0,0,0,150.177,28.7405,-6.68336e-06,5.10679
11,0,0,0,0,150.121,27.961,-6.67461e-06,5.10011
11,0,0,0,0,150.172,28.7464,-6.68336e-06,5.10679
11,0,0,0,0,150.104,-27.4856,-6.67024e-06,5.09677
11,0,0,0,0,150.133,26.7805,-6.66587e-06,5.09343
11,0,0,0,0,150.162,-27.1872,-6.67024e-06,5.09677
11,0,0,0,0,150.11,26.9035,-6.66587e-06,5.09343
11,0,0,0,0,150.108,-26.3219,-6.6615e-06,5.09009
11,0,0,0,0,150.19,25.8676,-6.6615e-06,5.09009
11,0,0,0,0,150.101,-25.7976,-6.65713e-06,5.08675
11,0,0,0,0,150.109,-25.7487,-6.65713e-06,5.08675
11,0,0,0,0,150.122,-25.6815,-6.65713e-06,5.08675
11,0,0,0,0,150.152,24.8795,-6.65276e-06,5.08341
11,0,0,0,0,150.127,-25.0433,-6.65276e-06,5.08341
11,0,0,0,0,150.11,25.1349,-6.65276e-06,5.08341
11,0,0,0,0,150.132,-25.6124,-6.65713e-06,5.08675
11,0,0,0,0,150.127,-25.6242,-6.65713e-06,5.08675
11,0,0,0,0,150.121,-25.0556,-6.65276e-06,5.08341
11,0,0,0,0,150.133,-24.9976,-6.65276e-06,5.08341
11,0,0,0,0,150.103,-25.1814,-6.65276e-06,5.08341
11,0,0,0,0,150.113,24.5199,-6.64839e-06,5.08007
11,0,0,0,0,150.15,24.2812,-6.64839e-06,5.08007
11,0,0,0,0,150.114,24.4858,-6.64839e-06,5.08007
11,0,0,0,0,150.17,-24.1449,-6.64839e-06,5.08007
11,0,0,0,0,150.162,-22.9155,-6.63965e-06,5.07339
11,0,0,0,0,150.128,23.7973,-6.64402e-06,5.07673
11,0,0,0,0,150.115,23.8679,-6.64402e-06,5.07673
11,0,0,0,0,150.14,-23.0545,-6.63965e-06,5.07339
11,0,0,0,0,150.157,-22.9367,-6.63965e-06,5.07339
11,0,0,0,0,150.942,23.7791,-6.67899e-06,5.10408
11,0,0,0,0,150.869,-23.5771,-6.67461e-06,5.10102
11,0,0,0,0,150.616,-23.2658,-6.6615e-06,5.09018
11,0,0,0,0,150.844,-22.4067,-6.66587e-06,5.09427
11,0,0,0,0,150.743,-22.4141,-6.6615e-06,5.09026
11,0,0,0,0,150.37,21.5034,-6.63965e-06,5.0734
11,0,0,0,0,150.234,-21.7644,-6.63528e-06,5.07005
11,0,0,0,0,150.89,-22.0885,-6.66587e-06,5.09359
11,0,0,0,0,150.637,-22.4393,-6.65713e-06,5.08706
11,0,0,0,0,150.987,22.1296,-6.67024e-06,5.09765
11,0,0,0,0,150.651,-21.6766,-6.65276e-06,5.08463
11,0,0,0,0,150.67,20.823,-6.64839e-06,5.08025
11,0,0,0,0,151.034,21.1056,-6.66587e-06,5.09412
11,0,0,0,0,150.993,20.6382,-6.6615e-06,5.09049
11,0,0,0,0,151.175,-20.0603,-6.66587e-06,5.09498
11,0,0,0,0,150.535,19.5706,-6.63528e-06,5.07007
11,0,0,0,0,150.817,-19.7233,-6.64839e-06,5.0812
11,0,0,0,0,150.42,18.8847,-6.62653e-06,5.0634
11,0,0,0,0,150.7,-18.2173,-6.63528e-06,5.07016
11,0,0,0,0,150.88,18.4184,-6.64402e-06,5.07724
11,0,0,0,0,151.132,18.8382,-6.65713e-06,5.08842
11,0,0,0,0,150.758,-18.5987,-6.63965e-06,5.07421
11,0,0,0,0,150.875,-17.6164,-6.63965e-06,5.07354
11,0,0,0,0,150.774,17.6198,-6.63528e-06,5.07067
11,0,0,0,0,150.57,-17.6197,-6.62653e-06,5.06342
11,0,0,0,0,150.842,17.909,-6.63965e-06,5.07371
11,0,0,0,0,150.629,-18.0002,-6.6309e-06,5.06801
11,0,0,0,0,150.927,-18.0374,-6.64402e-06,5.0769
11,0,0,0,0,150.637,-17.9288,-6.6309e-06,5.06692
11,0,0,0,0,150.789,1.59161,-6.59157e-06,5.03673
11,0,0,0,0,150.737,14.173,-6.61779e-06,5.05817
11,0,0,0,0,150.511,13.2984,-6.60468e-06,5.04671
11,0,0,0,0,150.589,1.5725,-6.58282e-06,5.03001
11,0,0,0,0,150.947,-12.9253,-6.62216e-06,5.06028
11,0,0,0,0,150.993,-11.0875,-6.61779e-06,5.0568
11,0,0,0,0,150.894,1.33703,-6.59594e-06,5.04023
11,0,0,0,0,151.095,1.09084,-6.60468e-06,5.0474
11,0,0,0,0,150.986,-2.10395,-6.60031e-06,5.0439
11,0,0,0,0,151.089,-15.6817,-6.63965e-06,5.0737
11,0,0,0,0,150.7,0.287726,-6.58719e-06,5.03358
11,0,0,0,0,150.864,-3.25332,-6.59594e-06,5.04119
11,0,0,0,0,150.954,3.74225,-6.60031e-06,5.0439
11,0,0,0,0,150.394,1.52403,-6.57408e-06,5.02345
11,0,0,0,0,150.999,-0.731993,-6.60031e-06,5.04592
11,0,0,0,0,150.4,0.451912,-6.57408e-06,5.0233
11,0,0,0,0,150.671,6.30032,-6.59157e-06,5.03672
11,0,0,0,0,150.987,12.4471,-6.62216e-06,5.0609
11,0,0,0,0,150.909,7.59913,-6.60468e-06,5.047
11,0,0,0,0,151.015,7.49095,-6.60905e-06,5.0531
11,0,0,0,0,150.895,1.1366,-6.59594e-06,5.04066
11,0,0,0,0,150.786,-1.93793,-6.59157e-06,5.03712
11,0,0,0,0,150.773,2.76387,-6.59157e-06,5.03696
11,0,0,0,0,151.066,14.9397,-6.63528e-06,5.07105
11,0,0,0,0,150.356,6.56768,-6.57845e-06,5.02694
11,0,0,0,0,151.068,16.8065,-6.64402e-06,5.07706
11,0,0,0,0,150.777,-2.6384,-6.59157e-06,5.03679
11,0,0,0,0,150.686,2.04308,-6.58719e-06,5.03342
11,0,0,0,0,150.999,-12.3301,-6.62216e-06,5.06179
11,0,0,0,0,151.147,-14.0544,-6.63528e-06,5.07083
11,0,0,0,0,150.97,-11.4339,-6.61779e-06,5.0572
11,0,0,0,0,150.799,-0.713146,-6.59157e-06,5.0369
11,0,0,0,0,150.796,1.0885,-6.59157e-06,5.03995
11,0,0,0,0,150.663,-10.1144,-6.60031e-06,5.04397
11,0,0,0,0,150.677,2.68707,-6.58719e-06,5.03335
11,0,0,0,0,150.423,-16.2706,-6.61342e-06,5.05337
11,0,0,0,0,150.181,12.4834,-6.58719e-06,5.03331
11,0,0,0,0,150.82,-4.84571,-6.59594e-06,5.0404
11,0,0,0,0,150.594,5.6355,-6.58719e-06,5.03334
11,0,0,0,0,150.696,1.02606,-6.58719e-06,5.03337
11,0,0,0,0,150.615,17.2636,-6.62653e-06,5.064
11,0,0,0,0,150.948,3.97804,-6.60031e-06,5.04377
11,0,0,0,0,150.901,15.5237,-6.6309e-06,5.06714
11,0,0,0,0,150.855,6.6192,-6.60031e-06,5.04361
11,0,0,0,0,150.789,9.65748,-6.60468e-06,5.04864
11,0,0,0,0,150.755,-8.61517,-6.60031e-06,5.04345
11,0,0,0,0,150.946,8.75503,-6.60905e-06,5.05024
11,0,0,0,0,151.249,-6.71125,-6.61779e-06,5.05736
11,0,0,0,0,151.104,-17.3688,-6.64839e-06,5.08107
11,0,0,0,0,150.431,-4.59744,-6.57845e-06,5.02666
11,0,0,0,0,150.735,-7.0413,-6.59594e-06,5.04069
11,0,0,0,0,150.393,-14.623,-6.60468e-06,5.04668
11,0,0,0,0,150.992,7.95581,-6.60905e-06,5.0503
11,0,0,0,0,150.725,-9.09018,-6.60031e-06,5.04343
11,0,0,0,0,150.779,15.7318,-6.62653e-06,5.06426
11,0,0,0,0,150.9,-0.612337,-6.59594e-06,5.04074
11,0,0,0,0,150.756,-10.1677,-6.60468e-06,5.04779
11,0,0,0,0,150.779,-12.5342,-6.61342e-06,5.05341
11,0,0,0,0,150.239,11.7915,-6.58719e-06,5.03332
11,0,0,0,0,150.232,-4.52038,-6.56971e-06,5.01996
11,0,0,0,0,150.655,3.65377,-6.58719e-06,5.03364
11,0,0,0,0,150.999,-0.811106,-6.60031e-06,5.04408
11,0,0,0,0,151.084,9.80802,-6.61779e-06,5.06001
11,0,0,0,0,150.803,-5.39856,-6.59594e-06,5.04093
11,0,0,0,0,150.895,1.16171,-6.59594e-06,5.04029
11,0,0,0,0,150.731,-15.2414,-6.62216e-06,5.0603
11,0,0,0,0,150.972,-2.91718,-6.60031e-06,5.04345
11,0,0,0,0,150.803,-5.38802,-6.59594e-06,5.04047
11,0,0,0,0,150.571,12.6362,-6.60468e-06,5.04673
11,0,0,0,0,150.894,5.69947,-6.60031e-06,5.04377
11,0,0,0,0,150.922,-13.2335,-6.62216e-06,5.06064
11,0,0,0,0,150.794,-12.3571,-6.61342e-06,5.05347
11,0,0,0,0,150.696,1.01328,-6.58719e-06,5.03414
11,0,0,0,0,150.832,9.02148,-6.60468e-06,5.04764
11,0,0,0,0,150.318,12.0408,-6.59157e-06,5.03666
11,0,0,0,0,151.003,17.3873,-6.64402e-06,5.07931
11,0,0,0,0,150.617,14.354,-6.61342e-06,5.05342
11,0,0,0,0,150.794,-1.4265,-6.59157e-06,5.03673
11,0,0,0,0,150.748,10.3065,-6.60468e-06,5.04696
11,0,0,0,0,150.8,0.431836,-6.59157e-06,5.03719
11,0,0,0,0,150.376,-15.781,-6.60905e-06,5.05002
11,0,0,0,0,150.596,-0.861715,-6.58282e-06,5.0308
11,0,0,0,0,150.873,-2.82194,-6.59594e-06,5.04033
11,0,0,0,0,150.754,-10.2494,-6.60468e-06,5.04746
11,0,0,0,0,150.749,3.91865,-6.59157e-06,5.0367
11,0,0,0,0,151.099,-0.797962,-6.60468e-06,5.04763
11,0,0,0,0,150.825,4.78312,-6.59594e-06,5.04024
11,0,0,0,0,150.986,1.93709,-6.60031e-06,5.04347
11,0,0,0,0,150.859,16.8887,-6.63528e-06,5.0702
11,0,0,0,0,150.894,-1.27372,-6.59594e-06,5.04046
11,0,0,0,0,151.2,-0.663956,-6.60905e-06,5.05063
11,0,0,0,0,150.873,-2.77304,-6.59594e-06,5.04059
11,0,0,0,0,151,-0.407117,-6.60031e-06,5.04412
11,0,0,0,0,150.217,5.02062,-6.56971e-06,5.01996
11,0,0,0,0,150.64,-11.7797,-6.60468e-06,5.04679
11,0,0,0,0,150.885,-5.90568,-6.60031e-06,5.04347
11,0,0,0,0,150.425,-4.81129,-6.57845e-06,5.02669
11,0,0,0,0,150.84,-6.9322,-6.60031e-06,5.04341
11,0,0,0,0,150.93,10.5977,-6.61342e-06,5.05577
11,0,0,0,0,150.681,-12.4918,-6.60905e-06,5.0504
11,0,0,0,0,151.087,-1.82454,-6.60468e-06,5.04733
11,0,0,0,0,150.949,16.9733,-6.63965e-06,5.07362
11,0,0,0,0,150.738,4.42403,-6.59157e-06,5.03702
11,0,0,0,0,150.67,14.8573,-6.61779e-06,5.05694
11,0,0,0,0,150.648,3.94259,-6.58719e-06,5.03334
11,0,0,0,0,150.564,12.724,-6.60468e-06,5.04679
11,0,0,0,0,151.056,-12.8023,-6.62653e-06,5.06402
11,0,0,0,0,150.768,16.7823,-6.6309e-06,5.06683
11,0,0,0,0,150.704,5.3657,-6.59157e-06,5.03678
11,0,0,0,0,150.896,0.942068,-6.59594e-06,5.04031
11,0,0,0,0,151.1,-0.669821,-6.60468e-06,5.04735
11,0,0,0,0,151.089,-1.62991,-6.60468e-06,5.04684
11,0,0,0,0,151.071,8.3104,-6.61342e-06,5.05378
11,0,0,0,0,150.702,-12.2307,-6.60905e-06,5.05022
11,0,0,0,0,150.8,0.410727,-6.59157e-06,5.04173
11,0,0,0,0,151.199,0.697572,-6.60905e-06,5.05266
11,0,0,0,0,150.781,8.07061,-6.60031e-06,5.04384
11,0,0,0,0,150.695,-1.23438,-6.58719e-06,5.03642
11,0,0,0,0,150.875,16.7264,-6.63528e-06,5.0712
11,0,0,0,0,150.848,-4.01582,-6.59594e-06,5.04411
11,0,0,0,0,150.3,0.510054,-6.56971e-06,5.01997
11,0,0,0,0,150.988,1.71438,-6.60031e-06,5.04421
11,0,0,0,0,150.54,4.20385,-6.58282e-06,5.03276
11,0,0,0,0,150.3,0.529581,-6.56971e-06,5.01996
11,0,0,0,0,150.5,-0.315448,-6.57845e-06,5.02665
11,0,0,0,0,150.886,2.18134,-6.59594e-06,5.04013
11,0,0,0,0,150.838,-4.43345,-6.59594e-06,5.04235
11,0,0,0,0,150.996,-0.96818,-6.60031e-06,5.04404
11,0,0,0,0,150.661,13.9067,-6.61342e-06,5.054
11,0,0,0,0,150.786,1.99812,-6.59157e-06,5.03784
11,0,0,0,0,150.871,9.96579,-6.60905e-06,5.05073
11,0,0,0,0,150.971,-2.93976,-6.60031e-06,5.04551
11,0,0,0,0,151.171,16.7903,-6.64839e-06,5.09458
11,0,0,0,0,150.887,-13.5986,-6.62216e-06,5.0606
11,0,0,0,0,150.803,-5.39902,-6.59594e-06,5.04037
11,0,0,0,0,151.117,4.9462,-6.60905e-06,5.0506
11,0,0,0,0,150.555,6.62431,-6.58719e-06,5.03349
11,0,0,0,0,150.503,-15.4901,-6.61342e-06,5.05338
11,0,0,0,0,150.786,-2.00068,-6.59157e-06,5.03673
11,0,0,0,0,150.626,9.07445,-6.59594e-06,5.04063
11,0,0,0,0,150.689,-1.60839,-6.58719e-06,5.03335
11,0,0,0,0,150.708,-9.42307,-6.60031e-06,5.04448
11,0,0,0,0,150.663,3.35592,-6.58719e-06,5.03362
11,0,0,0,0,150.9,-0.473553,-6.59594e-06,5.04011
11,0,0,0,0,150.52,4.81599,-6.58282e-06,5.03042
11,0,0,0,0,150.242,-8.81564,-6.57845e-06,5.02664
11,0,0,0,0,150.554,-8.64339,-6.59157e-06,5.03686
11,0,0,0,0,150.786,2.13508,-6.59157e-06,5.03753
11,0,0,0,0,151,-13.4576,-6.62653e-06,5.06566
11,0,0,0,0,150.779,-2.48918,-6.59157e-06,5.03744
11,0,0,0,0,150.317,5.05535,-6.57408e-06,5.02363
11,0,0,0,0,150.727,7.17968,-6.59594e-06,5.04012
11,0,0,0,0,150.5,-0.314748,-6.57845e-06,5.02664
11,0,0,0,0,150.7,0.444225,-6.58719e-06,5.03399
11,0,0,0,0,150.58,-15.7121,-6.61779e-06,5.05735
11,0,0,0,0,150.601,-14.5257,-6.61342e-06,5.05649
11,0,0,0,0,151,0.606618,-6.60031e-06,5.04392
11,0,0,0,0,150.792,-5.77366,-6.59594e-06,5.04005
11,0,0,0,0,150.663,11.4834,-6.60468e-06,5.04726
11,0,0,0,0,150.641,4.17222,-6.58719e-06,5.03335
11,0,0,0,0,150.896,-0.95252,-6.59594e-06,5.04043
11,0,0,0,0,150.4,-0.522445,-6.57408e-06,5.0233
11,0,0,0,0,150.947,11.7303,-6.61779e-06,5.05718
11,0,0,0,0,150.683,14.7227,-6.61779e-06,5.05673
11,0,0,0,0,150.896,16.5495,-6.63528e-06,5.07034
11,0,0,0,0,150.9,-0.333019,-6.59594e-06,5.04044
11,0,0,0,0,150.578,-2.55757,-6.58282e-06,5.02998
11,0,0,0,0,150.994,1.51363,-6.60031e-06,5.04375
11,0,0,0,0,150.97,-11.3978,-6.61779e-06,5.05686
11,0,0,0,0,150.747,-14.0593,-6.61779e-06,5.0572
11,0,0,0,0,150.563,-6.42872,-6.58719e-06,5.03335
11,0,0,0,0,150.796,0.911871,-6.59157e-06,5.03674
11,0,0,0,0,150.9,0.49307,-6.59594e-06,5.04011
11,0,0,0,0,150.996,0.996968,-6.60031e-06,5.04404
11,0,0,0,0,150.503,12.2174,-6.60031e-06,5.04339
11,0,0,0,0,150.889,-1.65815,-6.59594e-06,5.04033
11,0,0,0,0,150.7,9.51572,-6.60031e-06,5.04342
11,0,0,0,0,150.894,1.41211,-6.59594e-06,5.0405
11,0,0,0,0,150.471,-3.01265,-6.57845e-06,5.02695
11,0,0,0,0,151.089,1.6318,-6.60468e-06,5.04896
11,0,0,0,0,150.516,-12.0844,-6.60031e-06,5.04335
11,0,0,0,0,150.755,-6.62076,-6.59594e-06,5.04005
11,0,0,0,0,150.517,-5.02631,-6.58282e-06,5.0302
11,0,0,0,0,151.076,2.75412,-6.60468e-06,5.04725
11,0,0,0,0,150.808,5.2947,-6.59594e-06,5.0405
11,0,0,0,0,150.871,8.3002,-6.60468e-06,5.04812
11,0,0,0,0,150.445,16.0743,-6.61342e-06,5.05337
11,0,0,0,0,150.92,16.328,-6.63528e-06,5.07194
11,0,0,0,0,150.508,-5.32581,-6.58282e-06,5.03019
11,0,0,0,0,150.9,-0.620665,-6.59594e-06,5.04019
11,0,0,0,0,150.991,15.6447,-6.63528e-06,5.0705
11,0,0,0,0,150.853,-10.2542,-6.60905e-06,5.05024
11,0,0,0,0,150.778,2.54584,-6.59157e-06,5.03677
11,0,0,0,0,151.047,-10.3544,-6.61779e-06,5.05725
11,0,0,0,0,150.939,-14.1327,-6.62653e-06,5.06388
11,0,0,0,0,150.916,5.0843,-6.60031e-06,5.0442
11,0,0,0,0,150.979,-2.46216,-6.60031e-06,5.04396
11,0,0,0,0,150.794,5.62609,-6.59594e-06,5.04036
11,0,0,0,0,150.419,-4.86895,-6.57845e-06,5.02686
11,0,0,0,0,150.485,-16.6207,-6.61779e-06,5.05694
11,0,0,0,0,150.405,10.9011,-6.59157e-06,5.03667
11,0,0,0,0,150.6,0.241511,-6.58282e-06,5.03067
11,0,0,0,0,150.8,-0.216816,-6.59157e-06,5.03701
11,0,0,0,0,150.5,0.219255,-6.57845e-06,5.0268
11,0,0,0,0,150.6,-0.244295,-6.58282e-06,5.03005
11,0,0,0,0,150.3,0.237223,-6.56971e-06,5.01996
11,0,0,0,0,150.9,-0.221323,-6.59594e-06,5.04016
11,0,0,0,0,150.3,0.0336929,-6.56971e-06,5.01996
11,0,0,0,0,150.7,-0.166332,-6.58719e-06,5.03334
11,0,0,0,0,150.8,-0.0848613,-6.59157e-06,5.03727
11,0,0,0,0,150.9,0.0148168,-6.59594e-06,5.04006
11,0,0,0,0,151,-0.16697,-6.60031e-06,5.05211
11,0,0,0,0,150.6,0.120329,-6.58282e-06,5.03016
11,0,0,0,0,150.2,-0.0636925,-6.56534e-06,5.01662
11,0,0,0,0,150.8,0.0696702,-6.59157e-06,5.03721
11,0,0,0,0,150.7,-0.0157348,-6.58719e-06,5.03342
11,0,0,0,0,151.1,0.0952533,-6.60468e-06,5.05995
11,0,0,0,0,150.9,-0.170508,-6.59594e-06,5.0403
11,0,0,0,0,151,0.01894,-6.60031e-06,5.04371
11,0,0,0,0,150.7,0.0817023,-6.58719e-06,5.03387
11,0,0,0,0,151.1,-0.184959,-6.60468e-06,5.04705
11,0,0,0,0,150.7,0.148188,-6.58719e-06,5.03352
11,0,0,0,0,151,0.159575,-6.60031e-06,5.04672
11,0,0,0,0,150.8,-0.0408426,-6.59157e-06,5.03738
11,0,0,0,0,150.8,0.117414,-6.59157e-06,5.03698
11,0,0,0,0,151.2,-0.0525979,-6.60905e-06,5.05775
11,0,0,0,0,150.4,-0.0286837,-6.57408e-06,5.0233
22,151.1,0.0952533,-6.60468e-06,5.05995,151.1,0.0952533,-6.60468e-06,5.05995
22,150.554,-8.64339,-6.59157e-06,5.03686,150.554,-8.64339,-6.59157e-06,5.03686
22,150.404,-15.4834,-6.60905e-06,5.05002,150.404,-15.4834,-6.60905e-06,5.05002
22,150.456,6.61094,-6.58282e-06,5.03003,150.456,6.61094,-6.58282e-06,5.03003
22,150.277,-15.7719,-6.60468e-06,5.04668,150.277,-15.7719,-6.60468e-06,5.04668
22,150.218,12.0308,-6.58719e-06,5.03332,150.218,12.0308,-6.58719e-06,5.03332
22,150.14,11.7819,-6.58282e-06,5.02997,150.14,11.7819,-6.58282e-06,5.02997
22,150.855,6.6192,-6.60031e-06,5.04361,150.855,6.6192,-6.60031e-06,5.04361
22,150.494,5.63008,-6.58282e-06,5.02998,150.494,5.63008,-6.58282e-06,5.02998
22,150.586,2.03618,-6.58282e-06,5.03002,150.586,2.03618,-6.58282e-06,5.03002
22,150.412,13.2848,-6.60031e-06,5.04335,150.412,13.2848,-6.60031e-06,5.04335
22,151.132,18.8382,-6.65713e-06,5.08842,151.132,18.8382,-6.65713e-06,5.08842
22,150.869,-23.5771,-6.67461e-06,5.10102,150.869,-23.5771,-6.67461e-06,5.10102
