1,305
1,637
1,1004
1,481
1,557
1,568
1,81
1,645
1,177
1,553
1,763
1,469
1,649
1,409
1,563
1,1249
1,625
1,447
1,609
1,561
1,577
1,713
1,668
1,493
1,5
1,495
1,691
1,157
1,345
1,417
1,647
1,599
2,389
2,455
2,437
2,558
2,444
2,539
2,527
2,644
2,534
2,584
2,227
2,460
2,89
2,520
2,598
2,462
2,112
2,570
2,426
2,374
2,345
2,501
2,574
2,462
2,526
2,547
2,718
2,508
2,390
2,574
2,552
2,439
5,337
5,431
5,471
5,324
5,676
5,388
5,410
5,449
5,804
5,496
5,468
5,344
5,471
5,441
5,394
5,475
5,397
5,640
5,281
5,384
5,345
5,401
5,284
5,344
5,446
5,62
5,427
5,517
5,288
5,940
5,592
5,385
10,388
10,338
10,597
10,318
10,181
10,322
10,307
10,343
10,293
10,346
10,214
10,441
10,584
10,360
10,362
10,371
10,429
10,376
10,452
10,337
10,791
10,315
10,319
10,389
10,372
10,284
10,365
10,561
10,248
10,276
10,285
10,375
25,257
25,129
25,152
25,325
25,245
25,265
25,352
25,209
25,265
25,286
25,253
25,448
25,329
25,240
25,283
25,233
25,409
25,133
25,243
25,246
25,118
25,251
25,286
25,258
25,43
25,250
25,157
25,274
25,269
25,339
25,263
25,433
50,200
50,281
50,185
50,205
50,365
50,174
50,254
50,189
50,72
50,198
50,216
50,25
50,267
50,108
50,271
50,319
50,202
50,130
50,186
50,200
50,149
50,235
50,211
50,217
50,230
50,223
50,175
50,392
50,176
50,218
50,204
50,237
100,223
100,149
100,126
100,138
100,148
100,144
100,168
100,190
100,191
100,163
100,424
100,154
100,78
100,229
100,167
100,98
100,168
100,174
100,140
100,255
100,30
100,179
100,188
100,192
100,195
100,288
100,158
100,57
100,125
100,205
100,130
100,245
5000,17
5000,9
5000,16
5000,22
5000,31
5000,10
5000,21
5000,14
5000,48
5000,21
5000,32
5000,19
5000,18
5000,12
5000,16
5000,24
5000,23
5000,19
5000,16
5000,24
5000,15
5000,18
5000,14
5000,17
5000,15
5000,27
5000,21
5000,20
5000,15
5000,22
5000,23
5000,13
