10,1
10,1
10,1
10,1
10,1
10,1
10,1
10,1
10,1
10,1
10,1
10,1
10,1
10,1
10,1
10,1
10,1
10,1
10,1
10,1
10,1
10,1
10,1
10,1
10,1
10,1
10,1
10,1
10,1
10,1
10,1
10,1
50,9
50,9
50,9
50,9
50,13
50,5
50,9
50,9
50,9
50,1
50,5
50,17
50,5
50,9
50,9
50,5
50,1
50,13
50,9
50,1
50,5
50,13
50,9
50,13
50,13
50,1
50,5
50,5
50,13
50,5
50,5
50,16
100,13
100,25
100,21
100,13
100,5
100,13
100,21
100,21
100,17
100,13
100,13
100,21
100,21
100,9
100,17
100,5
100,17
100,9
100,13
100,5
100,13
100,17
100,9
100,13
100,29
100,25
100,13
100,9
100,9
100,9
100,17
100,5
500,65
500,65
500,57
500,73
500,97
500,59
500,85
500,61
500,57
500,73
500,37
500,49
500,57
500,55
500,65
500,61
500,49
500,41
500,85
500,61
500,77
500,85
500,89
500,53
500,89
500,73
500,41
500,65
500,57
500,73
500,41
500,85
1000,77
1000,73
1000,128
1000,141
1000,113
1000,161
1000,101
1000,105
1000,117
1000,113
1000,157
1000,165
1000,133
1000,113
1000,149
1000,89
1000,140
1000,9
1000,133
1000,17
1000,141
1000,113
1000,149
1000,117
1000,149
1000,133
1000,121
1000,1
1000,133
1000,129
1000,153
1000,113
5000,629
5000,699
5000,515
5000,297
5000,1178
5000,521
5000,151
5000,633
5000,653
5000,419
5000,563
5000,605
5000,517
5000,509
5000,351
5000,362
5000,731
5000,557
5000,1141
5000,534
5000,495
5000,454
5000,554
5000,297
5000,717
5000,406
5000,673
5000,612
5000,659
5000,625
5000,616
5000,643
10000,1268
10000,1288
10000,1446
10000,1188
10000,157
10000,1129
10000,1233
10000,1168
10000,1110
10000,1334
10000,807
10000,1264
10000,1266
10000,1237
10000,1259
10000,745
10000,1180
10000,1181
10000,1033
10000,1270
10000,1218
10000,1252
10000,1093
10000,1265
10000,1110
10000,1076
10000,1080
10000,1046
10000,1325
10000,894
10000,1029
10000,1293
50000,6327
50000,5912
50000,6140
50000,5404
50000,5348
50000,6446
50000,4042
50000,16096
50000,6442
50000,5579
50000,5660
50000,5813
50000,4947
50000,6310
50000,5543
50000,6837
50000,5514
50000,6067
50000,5090
50000,5453
50000,7198
50000,7979
50000,4996
50000,5284
50000,5524
50000,2312
50000,5572
50000,6216
50000,7728
50000,5834
50000,6215
50000,5444
100000,11181
100000,25212
100000,12204
100000,7218
100000,71
100000,11221
100000,12067
100000,14309
100000,9350
100000,12606
100000,10447
100000,10170
100000,10576
100000,10520
100000,12074
100000,12200
100000,11613
100000,7664
100000,10764
100000,11437
100000,1744
100000,10404
100000,12886
100000,10539
100000,4899
100000,6572
100000,13506
100000,6723
100000,9569
100000,10173
100000,2825
100000,13586
500000,62978
500000,84084
500000,72005
500000,103743
500000,40893
500000,78317
500000,95408
500000,74215
500000,75157
500000,69548
500000,72163
500000,64999
500000,35903
500000,64448
500000,69988
500000,35303
500000,71007
500000,121117
500000,64370
500000,43280
500000,39580
500000,53708
500000,60098
500000,172586
500000,53090
500000,51710
500000,51670
500000,16111
500000,38732
500000,53146
500000,43564
500000,59199
1e+06,96140
1e+06,211842
1e+06,134007
1e+06,111034
1e+06,56797
1e+06,121060
1e+06,307657
1e+06,182994
1e+06,85140
1e+06,14805
1e+06,69297
1e+06,85883
1e+06,103551
1e+06,97730
1e+06,98090
1e+06,166616
1e+06,217972
1e+06,10730
1e+06,88672
1e+06,65303
1e+06,118158
1e+06,92324
1e+06,34551
1e+06,168577
1e+06,146989
1e+06,339304
1e+06,145572
1e+06,114802
1e+06,92546
1e+06,356784
1e+06,180227
1e+06,63088
