Particle number 0:

True initial track parameters:
q: 1
e: 3.6478576884 GeV
dx: 0.00793770664232
dy: 0.00194486854588
dz: 0.999966604592
tx: 0.00793797173413
ty: 0.00194493349773

hits:
[1.1420955281769058, 0.2798321693198233, 0.12250000000000001, 3][637.0, 299.0, 0.0, 3]
[3.1881474325068746, 0.78114850302753569, 257.8775, 4][746.0, 320.0, 0.0, 4]
[3.49830034542852, 0.93323914214024684, 336.07750000000004, 1][763.0, 326.0, 0.0, 1]
[3.4932153641933947, 1.4894725977511929, 622.0775000000001, 2][763.0, 350.0, 0.0, 2]

Particle number 1:

True initial track parameters:
q: -1
e: 5.24896788138 GeV
dx: 0.000929255114215
dy: 0.00177337541203
dz: 0.99999799581
tx: 0.000929256976623
ty: 0.00177337896621

hits:
[0.13369917065401357, 0.25514933221138564, 0.12250000000000003, 3][583.0, 298.0, 0.0, 3]
[0.37321980266336263, 0.71224662764774094, 257.8775, 4][595.0, 317.0, 0.0, 4]
[0.66173490736201557, 0.85092593833534402, 336.07749999999999, 1][611.0, 323.0, 0.0, 1]
[2.5087794391844174, 1.3581226802646222, 622.0775000000001, 2][710.0, 344.0, 0.0, 2]

Particle number 2:

True initial track parameters:
q: 1
e: 2.83683391318 GeV
dx: 0.00834708019057
dy: 0.000965278235172
dz: 0.999964696622
tx: 0.0083473748811
ty: 0.000965312313958

hits:
[1.2009994294561341, 0.13888672245143119, 0.12250000000000001, 3][640.0, 293.0, 0.0, 3]
[3.3525770419352421, 0.38770079793556284, 257.87750000000005, 4][755.0, 304.0, 0.0, 4]
[3.6059500496985541, 0.46318634428884153, 336.07749999999993, 1][769.0, 307.0, -1.0, 1]
[3.0674669664788836, 0.73925653701520455, 622.0775000000001, 2][740.0, 318.0, 0.0, 2]

Particle number 3:

True initial track parameters:
q: -1
e: 2.8504833443 GeV
dx: 0.00686790080933
dy: -0.00174341702092
dz: 0.999974895903
tx: 0.0068680732261
ty: -0.00174346078893

hits:
[0.98816120558876464, -0.25084477965880064, 0.12250000000000001, 3][628.0, 277.0, 0.0, 3]
[2.7584414199831793, -0.70023051530859604, 257.8775, 4][723.0, 258.0, 0.0, 4]
[3.6930538799927515, -0.83657630897832547, 336.07749999999999, 1][773.0, 253.0, 0.0, 1]
[8.5697266687188609, -1.3352668144504534, 622.0775000000001, 2][1035.0, 232.0, 0.0, 2]

Particle number 4:

True initial track parameters:
q: 1
e: 9.72968649145 GeV
dx: 0.00555871778565
dy: -0.000498425368364
dz: 0.999984425993
tx: 0.00555880435851
ty: -0.000498433130965

hits:
[0.79978687409106464, -0.071713312800383427, 0.12250000000000001, 3][618.0, 285.0, 0.0, 3]
[2.2325964915179992, -0.20018694447220856, 257.87749999999994, 4][695.0, 279.0, -1.0, 4]
[2.5508479745906807, -0.23916415156620974, 336.07749999999999, 1][712.0, 278.0, 0.0, 1]
[3.2875990697306787, -0.38171429758640674, 622.0775000000001, 2][752.0, 272.0, 0.0, 2]

